00001000000100000000000000000101
00000000000010000010000000100000
00000000000010010010100000100000
00000000100001010001000000100000
00000011111000000000000000001000
00100000000000100000000000000100
00111100000000010001000000000001
00110100001001000000000000000000
00000000000000000000000000001100
00100000000000100000000000000101
00000000000000000000000000001100
00000000000000100100000000100000
00100000000000100000000000000100
00111100000000010001000000000001
00110100001001000000000000011001
00000000000000000000000000001100
00100000000000100000000000000101
00000000000000000000000000001100
00000000000000100100100000100000
00001100000100000000000000000001
00000000000000101000000000100000
00100000000000100000000000000100
00111100000000010001000000000001
00110100001001000000000000110010
00000000000000000000000000001100
00100000000000100000000000000001
00000000000100000010000000100000
00000000000000000000000000001100
