00111100000000010001000000000001
00110100001001010000000000100000
00100000000100000000000000000000
00100000000100010000000000001000
00100000000000100000000000000100
00111100000000010001000000000001
00110100001001000000000000000000
00000000000000000000000000001100
00100000000000100000000000000001
00000000000100000010000000100000
00000000000000000000000000001100
00100000000000100000000000000100
00111100000000010001000000000001
00110100001001000000000000001101
00000000000000000000000000001100
00000010000100000100000000100000
00000001000010000100000000100000
00000001000001010100000000100000
10001101000010010000000000000000
00100000000000100000000000000101
00000000000000000000000000001100
00000000000000101001000000100000
10101101000100100000000000000000
00100010000100000000000000000001
00010110000100011111111111101011
00100000000100000000000000000000
00000010000100000100000000100000
00000001000010000100000000100000
00000001000001010100000000100000
10001101000010010000000000000000
00100000000000100000000000000100
00111100000000010001000000000001
00110100001001000000000000010000
00000000000000000000000000001100
00100000000000100000000000000001
00000000000100000010000000100000
00000000000000000000000000001100
00100000000000100000000000000100
00111100000000010001000000000001
00110100001001000000000000001101
00000000000000000000000000001100
00100000000000100000000000000001
00000000000010010010000000100000
00000000000000000000000000001100
00100010000100000000000000000001
00010110000100011111111111101100
