00100000000000100000000000000100
00111100000000010001000000000001
00110100001001000000000000000000
00000000000000000000000000001100
00100000000000100000000000000101
00000000000000000000000000001100
00000000000000101000000000100000
00100000000000100000000000000100
00111100000000010001000000000001
00110100001001000000000000011000
00000000000000000000000000001100
00100000000000100000000000000101
00000000000000000000000000001100
00000000000000101000100000100000
00000010001100001000100000100000
00100000000000100000000000000100
00111100000000010001000000000001
00110100001001000000000000110000
00000000000000000000000000001100
00100000000000100000000000000001
00000000000100010010000000100000
00000000000000000000000000001100
